Epochs	= 3
Batch size = 16
Optimiser = adamW
text_split = 0.2
Lr = 3e-5
Cm = [[273  15  12  47  15   0  39  17   5   7   3   7  17 154]
 [ 27  21   7   5   1   0   7   3   0   2   2   1   2  11]
 [  9   4  36   3   2   0   7   1   1   1   4   1   1  18]
 [ 50   2   3 443  90   0  24  25  27   3   3   6  22 168]
 [ 18   4   1  98 572   0  28  14  25   4   3   2  11  59]
 [  2   0   1   6   4   5   0   2   1   0   0   0   0   3]
 [ 67   6  13  13  13   0 198  17   7   4   7   6   7  80]
 [ 33   5   6  52  29   0  22  84   8   2   3   1   8  93]
 [  9   0   2  27  39   0   8   5  91   2   0   7   2  42]
 [ 12   1   2  11   4   0   9   6   0  43   3   1  48  37]
 [  7   3   1   3   3   0   9   0   1   0  11   1   1  10]
 [  5   1   0  10  18   0   7   0  11   0   0  40   2  18]
 [ 16   1   1  23  14   0  10  17   3   8   1   1 148  47]
 [211  12  15 195  91   1  67  43  23  15   2  26  93 781]]
