Epochs	= 3
Batch size = 32
Optimiser = adamW
text_split = 0.2
Lr = 3e-5
Cm = [[270  14  12  49  16   0  42  12   7   8   2   6  33 140]
 [ 32  20  10   3   0   0   5   2   0   1   1   0   1  14]
 [  9   4  36   3   4   0  10   1   1   1   3   1   0  15]
 [ 42   2   6 445  89   0  22  26  30   4   3  10  31 156]
 [ 18   3   3 105 573   0  28  15  21   1   2   4  16  50]
 [  1   0   1   6   4   4   1   1   1   0   0   0   1   4]
 [ 57   4  15  12  12   0 219  12  10   2   6   7  18  64]
 [ 38   6   9  41  29   0  29  85   6   3   2   1  15  82]
 [  8   0   2  18  42   0  10   4  96   0   0   8   4  42]
 [  6   2   2  10   7   0  11   7   0  37   0   0  68  27]
 [  8   1   1   2   3   0  10   2   1   0   9   2   2   9]
 [  2   0   1   8  15   0   5   1  12   1   0  46   5  16]
 [ 15   0   1  23  17   0   7   7   3   5   1   0 195  16]
 [196   8  23 205  88   0  89  48  27  15   0  30 150 696]]

